2 0 12 -12 12
5 2 1 -3 4 -4 1
9 2 9 -3 4   
7 2 1 1 -3 4 -4 1 1
5 2 1 -3 4 -4 1
2 0 12 -12 12
2 0 12 -12 12
2 0 12 -12 12
5 2 1 -3 4 -4 1
9 2 9 -3 4   
7 2 1 1 -3 4 -4 1 1
5 2 1 -3 4 -4 1
5 2 1 -3 4 -4 1
2 0 12 -12 12
5 2 1 -3 4 -4 1
9 2 9 -3 4   
7 2 1 1 -3 4 -4 1 1
5 2 1 -3 4 -4 1
2 0 12 -12 12
5 2 1 -3 4 -4 1
9 2 9 -3 4   
7 2 1 1 -3 4 -4 1 1
5 2 1 -3 4 -4 1
9 2 9 -3 4   
7 2 1 1 -3 4 -4 1 1
5 2 1 -3 4 -4 1
2 0 12 -12 12
5 2 1 -3 4 -4 1
9 2 9 -3 4   
7 2 1 1 -3 4 -4 1 1
5 2 1 -3 4 -4 1
5 2 1 -3 4 -4 1
9 2 9 -3 4   
7 2 1 1 -3 4 -4 1 1
5 2 1 -3 4 -4 1
2 0 12 -12 12
5 2 1 -3 4 -4 1
9 2 9 -3 4   
7 2 1 1 -3 4 -4 1 1
5 2 1 -3 4 -4 1
2 0 12 -12 12
2 0 12 -12 12
2 0 12 -12 12
2 0 12 -12 12
2 0 12 -12 12
2 0 12 -12 12
2 0 12 -12 12
2 0 12 -12 12
2 0 12 -12 12
5 2 1 -3 4 -4 1
9 2 9 -3 4   
7 2 1 1 -3 4 -4 1 1
5 2 1 -3 4 -4 1
5 2 1 -3 4 -4 1
9 2 9 -3 4   
7 2 1 1 -3 4 -4 1 1
5 2 1 -3 4 -4 1
5 2 1 -3 4 -4 1
9 2 9 -3 4   
7 2 1 1 -3 4 -4 1 1
5 2 1 -3 4 -4 1
5 2 1 -3 4 -4 1
9 2 9 -3 4   
7 2 1 1 -3 4 -4 1 1
5 2 1 -3 4 -4 1
5 2 1 -3 4 -4 1
9 2 9 -3 4   
7 2 1 1 -3 4 -4 1 1
5 2 1 -3 4 -4 1
5 2 1 -3 4 -4 1
9 2 9 -3 4   
7 2 1 1 -3 4 -4 1 1
5 2 1 -3 4 -4 1
5 2 1 -3 4 -4 1
9 2 9 -3 4   
7 2 1 1 -3 4 -4 1 1
5 2 1 -3 4 -4 1
5 2 1 -3 4 -4 1
9 2 9 -3 4   
7 2 1 1 -3 4 -4 1 1
5 2 1 -3 4 -4 1
5 2 1 -3 4 -4 1
9 2 9 -3 4   
7 2 1 1 -3 4 -4 1 1
5 2 1 -3 4 -4 1
